0.3742948120476472
6.637489028339316
0.0
1.5227254727696145
3.5580803283250124
3.364603694978203
5.564859385782938
0.7660647254997643
4.157786107337341
3.953235882235319
0.0
3.5578733878245137
5.35558927064622
1.3698252894612444
5.355791348774609
1.959059108025257
3.1623712682539606
5.221234764770472
1.2012538935670054
5.427158033998633
3.2589970600878457
0.0
3.6859964520408783
3.4888052964432354
2.035593655910964
4.793503345205395
2.2949063429053287
3.3866191714615974
4.432367398731382
2.1014602932378286
0.0
3.5711151387129414
4.5260500467962315
3.026482081487859
3.1744754300037132
3.1004047790899865
2.3535499341843926
3.5560887300988386
2.1769629491349725
2.7655425684456243
3.1977020229075204
0.0
2.728222314595035
3.4008111930984524
2.133116829428456
2.925974599400958
2.383249728964119
2.6758858288822935
2.7527717554214637
0.0
2.3250887075655577
2.34949959261016
2.300624274093309
2.712558059502766
2.491978744387514
2.3700578732714517
2.1831086114396037
1.9168494610661468
0.0
2.143061259787546
1.9900666302852714
2.032375567465859
2.5961325842289398
1.9751781493416187
1.6497621965078695
0.0
2.0267694614938767
1.9444445335651492
1.944444372811859
1.9444445322124906
2.358688861815843
1.1485454389325591
1.5555555636901504
2.2398316001952256
1.58040286130438
0.0
1.240780273011933
1.4178542762827373
1.6990932668908323
1.3033626873384156
2.2526063801787606
0.5661296823895451
2.595026020443299
0.41220120776301017
0.0
1.2724122328334149
1.4472043985502747
1.3883977548057134
2.6062779632580235
0.26563152634062054
2.209554889986929
0.23815008391095466
0.0
2.548928506417143
1.3988899816102154
1.185618429398482
0.13175926280799338
1.1627898666081053
1.1627991934138078
2.2986789154768585
0.23006262244057255
0.9175009081131086
0.0
2.2206564806502693
0.25413385884561357
1.4057813821058809
0.7041630672315307
0.9680119845460015
1.05548692981206
1.1612065562771106
0.0
2.0740067022980533
0.7905073170180201
1.0064409406334798
1.009364176697144
0.8160804465917257
1.1543613702364686
2.311293341829854
0.0
0.703619008546618
1.009381390218841
0.8991761901694297
1.167967543749713
0.7777787860399251
0.3802311411475381
0.7753363644210826
0.0
1.1777648762504993
0.3729238882162055
2.5675404686885006
0.7905643853900487
0.7328248209741959
0.0
0.7561746312855493
1.332123211541236
2.4364426909119103
1.274996839074067
0.7753856093271968
2.596774111586154
0.5111211770523566
1.5199650401544316
2.704238800690781
1.542683094153741
0.0
2.527520969768355
1.3658606153654762
2.6524515302922227
1.2442044485951405
2.130927096762476
1.7694565089557728
1.1931526588826595
0.0
2.156541411616639
1.190619201780689
1.1321448039650308
4.110796359653974
1.9238722406150455
